Backtesting from 1920 (xi=0.0018, prior_sd=0.35, blend=0.5, refit every 7d)
  1920... 380 matches
  2021... 380 matches
  2122... 380 matches
  2223... 380 matches
  2324... 380 matches
  2425... 380 matches
  2526... 380 matches
  2627... 50 matches

1X2 log loss (lower is better)
model          0.9831
market         0.9657
baseline       1.0699
matches     2710.0000

Over/under 2.5 log loss
model          0.6773
market         0.6734
baseline       0.6882
matches     2710.0000

Over/under 10.5 corners log loss
model          0.6878
baseline       0.6892
matches     2710.0000

Calibration: over 10.5 corners
                   n  predicted  actual    gap
p_over_corners                                
(0.1, 0.2]         1      0.169   1.000  0.831
(0.2, 0.3]        51      0.270   0.333  0.064
(0.3, 0.4]       614      0.366   0.376  0.010
(0.4, 0.5]      1336      0.449   0.472  0.024
(0.5, 0.6]       605      0.540   0.491 -0.049
(0.6, 0.7]       100      0.631   0.570 -0.061
(0.7, 0.8]         3      0.731   0.333 -0.398

1X2 log loss by season
         model  market  baseline  matches
season                                   
1920    0.9719  0.9722    1.0644    380.0
2021    1.0119  0.9971    1.0663    380.0
2122    0.9535  0.9367    1.0686    380.0
2223    0.9916  0.9622    1.0469    380.0
2324    0.9329  0.8995    1.0531    380.0
2425    0.9902  0.9664    1.0776    380.0
2526    1.0233  1.0139    1.0793    380.0
2627    1.0319  1.0549    1.0970     50.0

Calibration: home win
              n  predicted  actual    gap
p_home                                   
(0.0, 0.1]   12      0.087   0.000 -0.087
(0.1, 0.2]  151      0.154   0.106 -0.048
(0.2, 0.3]  399      0.254   0.256  0.002
(0.3, 0.4]  612      0.352   0.330 -0.022
(0.4, 0.5]  652      0.451   0.429 -0.021
(0.5, 0.6]  424      0.548   0.566  0.018
(0.6, 0.7]  295      0.644   0.664  0.020
(0.7, 0.8]  129      0.746   0.798  0.053
(0.8, 0.9]   35      0.835   0.943  0.107
(0.9, 1.0]    1      0.905   1.000  0.095

Calibration: over 2.5 goals
               n  predicted  actual    gap
p_over25                                  
(0.3, 0.4]    74      0.375   0.311 -0.064
(0.4, 0.5]   660      0.461   0.458 -0.003
(0.5, 0.6]  1312      0.551   0.568  0.017
(0.6, 0.7]   617      0.635   0.624 -0.011
(0.7, 0.8]    47      0.732   0.723 -0.009
